0.045000000000000005 75 0.09095000000000002
0.045000000000000005 80 0.09146666666666665
0.045000000000000005 96 0.09331111111111112
0.045000000000000005 75 0.09095000000000002
0.045000000000000005 80 0.09146666666666665
0.045000000000000005 96 0.09331111111111112
0.045000000000000005 100 0.09415555555555555
0.045000000000000005 120 0.09642777777777778
0.045000000000000005 125 0.09673888888888889
0.04700000000000001 75 0.09051111111111111
0.04700000000000001 80 0.09119999999999999
0.04700000000000001 96 0.09282222222222221
0.04700000000000001 100 0.0936
0.04700000000000001 120 0.09587222222222223
0.04700000000000001 125 0.09624444444444445
0.04900000000000001 75 0.09009444444444444
0.04900000000000001 80 0.09071111111111112
0.04900000000000001 96 0.09231111111111111
0.04900000000000001 100 0.0932
0.04900000000000001 120 0.0953888888888889
0.04900000000000001 125 0.09572222222222222
0.05100000000000001 75 0.08972222222222222
0.05100000000000001 80 0.09044444444444444
0.05100000000000001 96 0.09190555555555556
0.05100000000000001 100 0.09267777777777779
0.05100000000000001 120 0.09490555555555556
0.05100000000000001 125 0.09522222222222222
0.05300000000000001 75 0.08938888888888889
0.05300000000000001 80 0.09000000000000001
0.05300000000000001 96 0.09157222222222222
0.05300000000000001 100 0.09226666666666668
0.05300000000000001 120 0.09452777777777778
0.05300000000000001 125 0.0948
0.055000000000000014 75 0.08906666666666667
0.055000000000000014 80 0.08962222222222223
0.055000000000000014 96 0.09118888888888889
0.055000000000000014 100 0.09194444444444444
0.055000000000000014 120 0.09412777777777777
0.055000000000000014 125 0.09443333333333333
0.045000000000000005 75 0.09095000000000002
0.045000000000000005 150 0.09904444444444445
0.045000000000000005 160 0.10063888888888889
0.045000000000000005 200 0.10352222222222222
0.045000000000000005 240 0.10745555555555557
0.045000000000000005 250 0.1072111111111111
0.045000000000000005 300 0.1106611111111111
0.045000000000000005 375 0.11554444444444445
0.045000000000000005 400 0.11820555555555556
0.045000000000000005 480 0.12191666666666667
0.045000000000000005 500 0.12184444444444444
0.04700000000000001 150 0.09836666666666667
0.04700000000000001 160 0.09992777777777778
0.04700000000000001 200 0.10275555555555556
0.04700000000000001 240 0.10677777777777776
0.04700000000000001 250 0.10633888888888889
0.04700000000000001 300 0.10983888888888889
0.04700000000000001 375 0.11485555555555556
0.04700000000000001 400 0.1173
0.04700000000000001 480 0.12103888888888888
0.04700000000000001 500 0.12095
0.04900000000000001 150 0.09781111111111111
0.04900000000000001 160 0.09942777777777778
0.04900000000000001 200 0.10218333333333333
0.04900000000000001 240 0.10609999999999999
0.04900000000000001 250 0.10565555555555556
0.04900000000000001 300 0.10925
0.04900000000000001 375 0.11405
0.04900000000000001 400 0.11661111111111111
0.04900000000000001 480 0.12005555555555557
0.04900000000000001 500 0.12013333333333333
0.05100000000000001 150 0.0973611111111111
0.05100000000000001 160 0.09876111111111112
0.05100000000000001 200 0.10172222222222223
0.05100000000000001 240 0.10554444444444444
0.05100000000000001 250 0.10510555555555556
0.05100000000000001 300 0.10863888888888888
0.05100000000000001 375 0.11333333333333334
0.05100000000000001 400 0.11576666666666667
0.05100000000000001 480 0.11939999999999999
0.05100000000000001 500 0.1193611111111111
0.05300000000000001 150 0.09695
0.05300000000000001 160 0.09829444444444445
0.05300000000000001 200 0.1012
0.05300000000000001 240 0.10493333333333334
0.05300000000000001 250 0.10453888888888889
0.05300000000000001 300 0.10802222222222223
0.05300000000000001 375 0.11259999999999999
0.05300000000000001 400 0.11515555555555555
0.05300000000000001 480 0.11864999999999999
0.05300000000000001 500 0.11863888888888889
0.055000000000000014 150 0.09654444444444443
0.055000000000000014 160 0.09787777777777777
0.055000000000000014 200 0.10074444444444443
0.055000000000000014 240 0.10432777777777778
0.055000000000000014 250 0.1039888888888889
0.055000000000000014 300 0.10738888888888888
0.055000000000000014 375 0.11195
0.055000000000000014 400 0.11455
0.055000000000000014 480 0.11797777777777778
0.055000000000000014 500 0.11790555555555556
0.05500000000000001 75 0.08906666666666667
0.05500000000000001 80 0.08962222222222223
0.05500000000000001 96 0.09118888888888889
0.05500000000000001 100 0.09194444444444444
0.05500000000000001 120 0.09412777777777777
0.05500000000000001 125 0.09443333333333333
0.05500000000000001 150 0.09654444444444443
0.05500000000000001 160 0.09787777777777777
0.05500000000000001 200 0.10074444444444443
0.05500000000000001 240 0.10432777777777778
0.05500000000000001 250 0.1039888888888889
0.05500000000000001 300 0.10738888888888888
0.05500000000000001 375 0.11195
0.05500000000000001 400 0.11455
0.05500000000000001 480 0.11797777777777778
0.05500000000000001 500 0.11790555555555556
0.05500000000000001 600 0.12251111111111111
0.05500000000000001 625 0.12952222222222223
0.05600000000000001 75 0.08891666666666666
0.05600000000000001 80 0.08939444444444444
0.05600000000000001 96 0.09100000000000001
0.05600000000000001 100 0.09175
0.05600000000000001 120 0.09396666666666666
0.05600000000000001 125 0.09426111111111111
0.05600000000000001 150 0.09628888888888888
0.05600000000000001 160 0.09764444444444444
0.05600000000000001 200 0.10047777777777778
0.05600000000000001 240 0.10416666666666667
0.05600000000000001 250 0.10367222222222221
0.05600000000000001 300 0.1070888888888889
0.05600000000000001 375 0.11166666666666668
0.05600000000000001 400 0.11423333333333334
0.05600000000000001 480 0.11755
0.05600000000000001 500 0.11759444444444445
0.05600000000000001 600 0.12213333333333333
0.05600000000000001 625 0.12910555555555556
0.05700000000000001 75 0.08875555555555555
0.05700000000000001 80 0.08925555555555555
0.05700000000000001 96 0.09077222222222221
0.05700000000000001 100 0.09164444444444443
0.05700000000000001 120 0.09377777777777778
0.05700000000000001 125 0.09407222222222222
0.05700000000000001 150 0.09608333333333334
0.05700000000000001 160 0.09754999999999998
0.05700000000000001 200 0.10028888888888889
0.05700000000000001 240 0.10393333333333332
0.05700000000000001 250 0.10342222222222223
0.05700000000000001 300 0.1068
0.05700000000000001 375 0.11133333333333333
0.05700000000000001 400 0.11394444444444445
0.05700000000000001 480 0.11716666666666666
0.05700000000000001 500 0.11729444444444444
0.05700000000000001 600 0.12178333333333334
0.05700000000000001 625 0.12867777777777778
0.05800000000000001 75 0.08856666666666667
0.05800000000000001 80 0.08905
0.05800000000000001 96 0.0906277777777778
0.05800000000000001 100 0.09147222222222222
0.05800000000000001 120 0.09362777777777777
0.05800000000000001 125 0.09383888888888887
0.05800000000000001 150 0.09594444444444444
0.05800000000000001 160 0.09733888888888888
0.05800000000000001 200 0.10004444444444445
0.05800000000000001 240 0.10362777777777776
0.05800000000000001 250 0.10313333333333334
0.05800000000000001 300 0.10658333333333332
0.05800000000000001 375 0.11099444444444444
0.05800000000000001 400 0.11368888888888888
0.05800000000000001 480 0.1168
0.05800000000000001 500 0.11692777777777778
0.05800000000000001 600 0.12142222222222222
0.05800000000000001 625 0.12831666666666666
0.05900000000000001 75 0.08841111111111111
0.05900000000000001 80 0.08888888888888889
0.05900000000000001 96 0.09042222222222222
0.05900000000000001 100 0.09128888888888888
0.05900000000000001 120 0.0934
0.05900000000000001 125 0.09366111111111113
0.05900000000000001 150 0.0958
0.05900000000000001 160 0.09714444444444444
0.05900000000000001 200 0.09988333333333332
0.05900000000000001 240 0.10338333333333333
0.05900000000000001 250 0.10289444444444444
0.05900000000000001 300 0.10620555555555555
0.05900000000000001 375 0.11065555555555556
0.05900000000000001 400 0.11333888888888889
0.05900000000000001 480 0.11647777777777779
0.05900000000000001 500 0.11657777777777778
0.05900000000000001 600 0.12111111111111111
0.05900000000000001 625 0.12788333333333332
0.06000000000000001 75 0.0882
0.06000000000000001 80 0.08869444444444445
0.06000000000000001 96 0.09021666666666667
0.06000000000000001 100 0.0911611111111111
0.06000000000000001 120 0.09320555555555556
0.06000000000000001 125 0.09347222222222222
0.06000000000000001 150 0.09563333333333335
0.06000000000000001 160 0.09695
0.06000000000000001 200 0.09968333333333333
0.06000000000000001 240 0.10313333333333334
0.06000000000000001 250 0.10265555555555556
0.06000000000000001 300 0.10597222222222223
0.06000000000000001 375 0.11032777777777776
0.06000000000000001 400 0.11308333333333333
0.06000000000000001 480 0.11613888888888889
0.06000000000000001 500 0.11627222222222222
0.06000000000000001 600 0.12075000000000001
0.06000000000000001 625 0.12745555555555554
0.06100000000000001 75 0.08802222222222222
0.06100000000000001 80 0.08857222222222222
0.06100000000000001 96 0.09002777777777778
0.06100000000000001 100 0.09092222222222222
0.06100000000000001 120 0.09302777777777778
0.06100000000000001 125 0.09331666666666667
0.06100000000000001 150 0.09537222222222223
0.06100000000000001 160 0.09676111111111112
0.06100000000000001 200 0.09945555555555556
0.06100000000000001 240 0.10295
0.06100000000000001 250 0.10245
0.06100000000000001 300 0.1057277777777778
0.06100000000000001 375 0.11005555555555556
0.06100000000000001 400 0.11277777777777777
0.06100000000000001 480 0.11589444444444445
0.06100000000000001 500 0.11600555555555554
0.06100000000000001 600 0.12037777777777776
0.06100000000000001 625 0.12712777777777778
0.06200000000000001 75 0.08789999999999999
0.06200000000000001 80 0.08839999999999999
0.06200000000000001 96 0.08992777777777779
0.06200000000000001 100 0.0908111111111111
0.06200000000000001 120 0.09284444444444444
0.06200000000000001 125 0.09305555555555556
0.06200000000000001 150 0.09518888888888889
0.06200000000000001 160 0.09665
0.06200000000000001 200 0.09924444444444445
0.06200000000000001 240 0.10267222222222222
0.06200000000000001 250 0.10222222222222221
0.06200000000000001 300 0.1055
0.06200000000000001 375 0.10980555555555556
0.06200000000000001 400 0.11247777777777779
0.06200000000000001 480 0.11562777777777777
0.06200000000000001 500 0.11569999999999998
0.06200000000000001 600 0.1200888888888889
0.06200000000000001 625 0.12675555555555557
0.06300000000000001 75 0.08777777777777777
0.06300000000000001 80 0.08827777777777777
0.06300000000000001 96 0.0898111111111111
0.06300000000000001 100 0.09064444444444446
0.06300000000000001 120 0.0926111111111111
0.06300000000000001 125 0.0928888888888889
0.06300000000000001 150 0.09501111111111112
0.06300000000000001 160 0.09646666666666666
0.06300000000000001 200 0.09906111111111111
0.06300000000000001 240 0.10246111111111111
0.06300000000000001 250 0.10196111111111111
0.06300000000000001 300 0.1052
0.06300000000000001 375 0.10955555555555556
0.06300000000000001 400 0.11220000000000001
0.06300000000000001 480 0.11538888888888887
0.06300000000000001 500 0.11541666666666667
0.06300000000000001 600 0.11979444444444444
0.06300000000000001 625 0.12639999999999998
0.06400000000000002 75 0.08770555555555555
0.06400000000000002 80 0.08815555555555554
0.06400000000000002 96 0.08966111111111112
0.06400000000000002 100 0.09051666666666668
0.06400000000000002 120 0.09243888888888889
0.06400000000000002 125 0.09276666666666666
0.06400000000000002 150 0.09492222222222223
0.06400000000000002 160 0.09625
0.06400000000000002 200 0.09888333333333332
0.06400000000000002 240 0.10217777777777777
0.06400000000000002 250 0.10181666666666667
0.06400000000000002 300 0.10494444444444445
0.06400000000000002 375 0.10932777777777779
0.06400000000000002 400 0.11195
0.06400000000000002 480 0.11514444444444444
0.06400000000000002 500 0.1151888888888889
0.06400000000000002 600 0.1195
0.06400000000000002 625 0.12609444444444443
0.05500000000000001 50 0.08572222222222221
0.05500000000000001 48 0.08458333333333334
0.05500000000000001 40 0.0845388888888889
0.05500000000000001 32 0.0821
0.05500000000000001 30 0.08263888888888889
0.05500000000000001 25 0.08099444444444444
0.05500000000000001 24 0.08101666666666667
0.05500000000000001 20 0.08141666666666666
0.05500000000000001 16 0.08005
0.05500000000000001 15 0.08311111111111111
0.05600000000000001 50 0.08558333333333334
0.05600000000000001 48 0.08448888888888889
0.05600000000000001 40 0.08442222222222223
0.05600000000000001 32 0.08195555555555555
0.05600000000000001 30 0.08256111111111111
0.05600000000000001 25 0.08093888888888888
0.05600000000000001 24 0.08102777777777777
0.05600000000000001 20 0.08142222222222222
0.05600000000000001 16 0.08003333333333333
0.05600000000000001 15 0.08311111111111112
0.05700000000000001 50 0.08545000000000001
0.05700000000000001 48 0.0843
0.05700000000000001 40 0.08435
0.05700000000000001 32 0.08182222222222223
0.05700000000000001 30 0.08247777777777777
0.05700000000000001 25 0.08084999999999999
0.05700000000000001 24 0.08103333333333333
0.05700000000000001 20 0.08142222222222222
0.05700000000000001 16 0.07998888888888889
0.05700000000000001 15 0.08311666666666667
0.05800000000000001 50 0.08533333333333333
0.05800000000000001 48 0.08419444444444446
0.05800000000000001 40 0.08431666666666666
0.05800000000000001 32 0.08175
0.05800000000000001 30 0.08241111111111112
0.05800000000000001 25 0.08078333333333333
0.05800000000000001 24 0.0810111111111111
0.05800000000000001 20 0.08141666666666668
0.05800000000000001 16 0.08002777777777778
0.05800000000000001 15 0.08318888888888888
0.05900000000000001 50 0.08524444444444446
0.05900000000000001 48 0.0841111111111111
0.05900000000000001 40 0.08415
0.05900000000000001 32 0.08160555555555556
0.05900000000000001 30 0.08236666666666667
0.05900000000000001 25 0.08073333333333332
0.05900000000000001 24 0.08096666666666667
0.05900000000000001 20 0.0814
0.05900000000000001 16 0.08004444444444445
0.05900000000000001 15 0.08322777777777778
0.06000000000000001 50 0.08512777777777776
0.06000000000000001 48 0.08402222222222222
0.06000000000000001 40 0.084
0.06000000000000001 32 0.08148333333333334
0.06000000000000001 30 0.08233888888888889
0.06000000000000001 25 0.08071666666666666
0.06000000000000001 24 0.08096666666666667
0.06000000000000001 20 0.08137777777777778
0.06000000000000001 16 0.08007777777777778
0.06000000000000001 15 0.08327222222222222
0.06100000000000001 50 0.08504444444444444
0.06100000000000001 48 0.08398333333333334
0.06100000000000001 40 0.0838111111111111
0.06100000000000001 32 0.08141111111111111
0.06100000000000001 30 0.08230555555555555
0.06100000000000001 25 0.08068888888888888
0.06100000000000001 24 0.08089999999999999
0.06100000000000001 20 0.0813611111111111
0.06100000000000001 16 0.08007222222222221
0.06100000000000001 15 0.08327222222222223
0.06200000000000001 50 0.08492222222222222
0.06200000000000001 48 0.0839111111111111
0.06200000000000001 40 0.08375555555555554
0.06200000000000001 32 0.08126666666666667
0.06200000000000001 30 0.08221111111111111
0.06200000000000001 25 0.08070555555555556
0.06200000000000001 24 0.08083333333333334
0.06200000000000001 20 0.08131666666666666
0.06200000000000001 16 0.08004444444444443
0.06200000000000001 15 0.08335
0.06300000000000001 50 0.08480555555555556
0.06300000000000001 48 0.0837888888888889
0.06300000000000001 40 0.08363888888888889
0.06300000000000001 32 0.08119444444444444
0.06300000000000001 30 0.08215555555555556
0.06300000000000001 25 0.08066666666666666
0.06300000000000001 24 0.08088888888888889
0.06300000000000001 20 0.08133333333333333
0.06300000000000001 16 0.08004444444444443
0.06300000000000001 15 0.08338888888888889
0.06400000000000002 50 0.08477777777777779
0.06400000000000002 48 0.08374444444444444
0.06400000000000002 40 0.08356111111111113
0.06400000000000002 32 0.08112222222222222
0.06400000000000002 30 0.08207222222222221
0.06400000000000002 25 0.08059999999999999
0.06400000000000002 24 0.08082777777777778
0.06400000000000002 20 0.08134444444444444
0.06400000000000002 16 0.07997222222222222
0.06400000000000002 15 0.08345000000000001
0.05500000000000001 25 0.08099444444444444
0.05500000000000001 24 0.08101666666666667
0.05500000000000001 20 0.08141666666666666
0.05500000000000001 16 0.08005
0.05500000000000001 15 0.08311111111111111
0.05500000000000001 12 0.08163333333333334
0.05500000000000001 10 0.08141666666666666
0.05500000000000001 8 0.08283888888888889
0.05700000000000001 25 0.08084999999999999
0.05700000000000001 24 0.08103333333333333
0.05700000000000001 20 0.08142222222222222
0.05700000000000001 16 0.07998888888888889
0.05700000000000001 15 0.08311666666666667
0.05700000000000001 12 0.08171111111111112
0.05700000000000001 10 0.08146666666666667
0.05700000000000001 8 0.08306666666666668
0.05900000000000001 25 0.08073333333333332
0.05900000000000001 24 0.08096666666666667
