0.003 0.07863888888888888
0.00301 0.08008888888888889
0.00302 0.07949444444444445
0.00303 0.08069444444444444
0.00304 0.08016111111111111
0.00305 0.08104444444444446
0.0030600000000000002 0.08042222222222223
0.0030700000000000002 0.08077222222222223
0.0030800000000000003 0.08105555555555556
0.0030900000000000003 0.08023333333333334
0.0031000000000000003 0.07953888888888888
0.0031100000000000004 0.07941666666666666
0.0031200000000000004 0.08048888888888889
0.0031300000000000004 0.07939444444444445
0.0031400000000000004 0.08121111111111111
0.0031500000000000005 0.08071111111111111
0.0031600000000000005 0.08049444444444444
0.0031700000000000005 0.07921666666666666
0.0031800000000000005 0.0813
0.0031900000000000006 0.08031666666666666
0.0032000000000000006 0.07993333333333334
0.0032100000000000006 0.07964444444444445
0.0032200000000000006 0.08143333333333332
0.0032300000000000007 0.07941666666666668
0.0032400000000000007 0.07971111111111111
0.0032500000000000007 0.07925555555555557
0.0032600000000000007 0.07997777777777777
0.0032700000000000008 0.08045000000000001
0.003280000000000001 0.08033888888888889
0.003290000000000001 0.08032222222222223
0.003300000000000001 0.07934444444444444
0.003310000000000001 0.07956111111111111
0.003320000000000001 0.08007777777777779
0.003330000000000001 0.07995555555555556
0.003340000000000001 0.08035555555555556
0.003350000000000001 0.0804388888888889
0.003360000000000001 0.081
0.003370000000000001 0.07987777777777777
0.003380000000000001 0.08186666666666666
0.003390000000000001 0.08023333333333334
0.003400000000000001 0.07862222222222222
0.0025 0.07978333333333333
0.003410000000000001 0.07908333333333334
0.00251 0.07993333333333333
0.003420000000000001 0.07968888888888888
0.00252 0.08191666666666668
0.003430000000000001 0.07912222222222222
0.00253 0.0813611111111111
0.003440000000000001 0.07933333333333333
0.00254 0.07993333333333333
0.0034500000000000012 0.08116111111111111
0.00255 0.08137222222222222
0.0034600000000000013 0.07961666666666666
0.00256 0.07999444444444444
0.0034700000000000013 0.07872222222222221
0.0025700000000000002 0.08021666666666667
0.0034800000000000013 0.0783
0.0025800000000000003 0.0800277777777778
0.0034900000000000013 0.08042222222222221
0.0025900000000000003 0.08013333333333333
0.0026000000000000003 0.08028333333333333
0.0026100000000000003 0.08201666666666667
0.0026200000000000004 0.08040555555555556
0.0026300000000000004 0.08090555555555555
0.0026400000000000004 0.08095000000000001
0.0026500000000000004 0.0802888888888889
0.0026600000000000005 0.08012222222222222
0.0026700000000000005 0.0797611111111111
0.0026800000000000005 0.08153888888888888
0.0026900000000000006 0.08083888888888889
0.0027000000000000006 0.0814388888888889
0.0027100000000000006 0.0803611111111111
0.0027200000000000006 0.07942777777777778
0.0027300000000000007 0.0795
0.0027400000000000007 0.07990555555555555
0.0027500000000000007 0.07989444444444445
0.0027600000000000007 0.08103333333333333
0.0027700000000000008 0.08065555555555555
0.002780000000000001 0.08016111111111111
0.002790000000000001 0.08055
0.002800000000000001 0.08057777777777779
0.002810000000000001 0.08103888888888888
0.002820000000000001 0.0799
0.002830000000000001 0.08018333333333333
0.002840000000000001 0.0816
0.002850000000000001 0.08077777777777778
0.002860000000000001 0.08058888888888889
0.002870000000000001 0.07955
0.002880000000000001 0.08017222222222221
0.002890000000000001 0.08067777777777778
0.002900000000000001 0.08033888888888889
0.002910000000000001 0.08102222222222222
0.002920000000000001 0.08034444444444445
0.002930000000000001 0.08027222222222223
0.002940000000000001 0.08098888888888889
0.0029500000000000012 0.08139999999999999
0.0029600000000000013 0.07969444444444444
0.0029700000000000013 0.07966111111111111
0.0029800000000000013 0.08041111111111111
0.0029900000000000013 0.08183333333333333
