0.0019 0.08170833333333333
0.00192 0.08278750000000001
0.00194 0.08211249999999999
0.00196 0.0819125
0.00198 0.08183750000000001
0.002 0.08200416666666667
0.0022 0.08184444444444444
0.00222 0.08155
0.0022400000000000002 0.08089444444444445
0.0022600000000000003 0.0816
0.0022800000000000003 0.08117777777777778
0.0023000000000000004 0.08015555555555555
0.0023200000000000004 0.0804888888888889
0.0023400000000000005 0.08066666666666666
0.0023600000000000006 0.08058333333333333
0.0023800000000000006 0.08209999999999999
0.0012 0.08491666666666668
0.00122 0.08548888888888888
0.00124 0.08443333333333332
0.00126 0.08502222222222222
0.00128 0.08448888888888889
0.0013000000000000002 0.08489999999999999
0.0013200000000000002 0.08477777777777777
0.0013400000000000003 0.08443333333333332
0.0013600000000000003 0.08472777777777778
0.0013800000000000004 0.08436666666666666
0.0014000000000000004 0.08454444444444446
0.0014200000000000005 0.08380555555555556
0.0014400000000000005 0.08387222222222222
0.0014600000000000006 0.08332222222222223
0.0014800000000000006 0.08339999999999999
0.0015000000000000007 0.08364444444444445
0.0015200000000000007 0.08379444444444444
0.0015400000000000008 0.08383333333333333
0.0015600000000000008 0.08346666666666668
0.0015800000000000009 0.08378333333333333
0.001600000000000001 0.08468888888888888
0.0022 0.08171666666666667
0.00221 0.0817
0.00222 0.08056666666666668
0.00223 0.08077777777777778
0.0022400000000000002 0.08080555555555556
0.0022500000000000003 0.08059444444444445
0.0022600000000000003 0.08046666666666667
0.0022700000000000003 0.08198333333333334
0.0022800000000000003 0.08172222222222222
0.0022900000000000004 0.08102777777777777
0.0023000000000000004 0.08117777777777778
0.0023100000000000004 0.08144444444444444
0.0023200000000000004 0.08133888888888889
0.0023300000000000005 0.08259444444444446
0.0023400000000000005 0.08197222222222222
0.0023500000000000005 0.08021666666666667
0.0023600000000000006 0.08027222222222222
0.0023700000000000006 0.08185
0.0023800000000000006 0.0815111111111111
0.0023900000000000006 0.08166666666666667
