0.0008 0.0835
0.0008200000000000001 0.0838
0.0008400000000000001 0.084
0.0008600000000000002 0.0827
0.0008800000000000002 0.0837
0.0009000000000000003 0.0832
0.0009200000000000004 0.0834
0.0009400000000000004 0.0825
0.0009600000000000005 0.083
0.0009800000000000004 0.0823
0.0010000000000000005 0.0835
0.0010200000000000005 0.0816
0.0010400000000000006 0.0826
0.0010600000000000006 0.0826
0.0010800000000000007 0.0813
0.0011000000000000007 0.0831
0.0011200000000000008 0.0823
0.0011400000000000008 0.0822
0.0011600000000000009 0.0824
0.001180000000000001 0.0816
0.0012 0.0816
0.00122 0.0824
0.00124 0.0815
0.00126 0.0815
0.00128 0.0811
0.0013000000000000002 0.0819
0.0013200000000000002 0.0804
0.0013400000000000003 0.0819
0.0013600000000000003 0.0816
0.0013800000000000004 0.0824
0.0014000000000000004 0.0818
0.0014 0.0824
0.00142 0.0816
0.00144 0.081
0.0014600000000000001 0.0806
0.0014800000000000002 0.0801
0.0015000000000000002 0.08
0.0015200000000000003 0.0809
0.0015400000000000004 0.0811
0.0015600000000000004 0.0799
0.0015800000000000005 0.0814
0.0016000000000000005 0.0797
0.0016200000000000006 0.0797
0.0016400000000000006 0.0807
0.0016600000000000007 0.0798
0.0016800000000000007 0.08
0.0017000000000000008 0.0794
0.0017200000000000008 0.0809
0.0017400000000000009 0.0796
0.001760000000000001 0.0799
0.001780000000000001 0.0808
0.001800000000000001 0.0797
0.001820000000000001 0.0809
0.0018400000000000011 0.0794
0.0018600000000000012 0.0796
0.0018800000000000012 0.0807
0.0019000000000000013 0.0804
0.0019200000000000013 0.0785
0.0019400000000000014 0.0804
0.0019600000000000017 0.0783
0.0019800000000000017 0.0797
